# Студент Абдракова, Агеев, группа Б03-503
# Симуляция на основе генератора псевдослучайных чисел
# Распределение: pareto, интенсивность mu = 1.0, показатель alpha = 1.0
3
7
1
1
11
0
1
3
0
0
0
0
0
13
0
0
3
0
0
2
0
2
4
0
0
1
1
0
0
9
0
2
0
0
0
0
2
4
0
0
32
13
1
0
30
1
1
1
2
41
0
0
2
0
0
0
2
1
0
1
32
3
2
2
0
1
28
0
0
0
0
13
1
2
6
0
2
12
0
0
0
30
1
1
0
0
0
0
0
7
0
0
2
0
0
1
0
4
1
23
0
2
1
0
2
4
2
0
0
0
0
1
0
0
0
4
1
0
0
6
1
0
2
0
1
3
4
0
7
0
0
0
0
5
0
9
1
0
68
0
0
0
0
0
0
61
0
0
6
0
0
0
2
0
3
5
0
0
0
0
0
5
3
0
1
2
4
1
3
1
0
0
2
0
1
0
2
0
0
0
0
0
6
1
0
2
0
0
109
0
0
1
0
0
0
3
0
0
0
1
0
0
0
1
2
1
1
20
0
0
0
1
19
0
0
5
0
13
0
0
3
0
1
0
0
6
47
0
1
5
0
1
0
1
0
0
1
0
1
4
0
0
5
0
0
0
1
9
0
8
0
0
0
31
0
0
1
1
3
1
1
0
3
5
0
0
4
1
0
0
1
1
0
0
6
0
13
5
0
0
10
2
0
0
24
0
1
1
0
0
1
1
1
0
0
1
7
0
53
0
0
3
4
1
53
0
83
0
5
144
1
188
0
1
0
3
0
0
0
1
0
0
15
0
2
0
0
9
0
0
4
1
7
0
0
0
0
6
2
0
1
0
9
0
1
17
2
2
2
12
1
0
2
0
8
0
0
0
0
0
22
0
5
0
0
0
1
0
0
0
2
0
0
1
0
0
0
0
1
0
0
0
0
1
0
0
0
1
0
1
0
1
0
0
0
0
0
0
0
0
0
0
6
1
1
0
0
0
14
0
1
0
0
5
0
0
0
0
0
91
9
1
0
3
0
0
0
0
0
6
2
0
0
0
0
0
0
0
1
0
0
1
0
0
0
2
1
62
0
0
0
0
0
0
0
0
1
0
0
0
1
0
0
0
1
5
0
0
0
0
0
0
0
1
0
1
7
0
0
2
3
0
0
13
0
0
1
0
7
26
0
0
44
0
2
3
796
0
0
0
1482
0
0
0
7
0
0
1
1
0
0
0
0
1
0
19
0
0
25
1
1
10
14
3
0
0
6
0
0
2
0
0
3827
0
1
0
3
0
0
3
96
2
2
8
0
0
0
2
0
0
21
11
1
0
1
0
0
0
1
0
1
0
25
1
0
0
0
10
0
0
2
0
0
2
1
0
1
0
0
0
27
1
0
0
2
6
2
2
248
0
10
0
1
1
1
1
0
0
0
84
1
0
1
4
1
0
0
0
1
2
1
2
0
13
4
0
0
0
0
0
1
1
0
0
5
0
0
0
0
0
0
0
0
0
0
0
4
27
313
0
23
0
0
1
1
2
0
1
7442
0
0
0
1
5
3
0
0
1
0
1
1
3
2
9
0
0
0
4
3
0
5
0
0
0
0
1
1
3
0
2
0
0
2
1
0
0
0
3
13
0
0
0
0
0
0
0
0
0
2
2
15
34
0
15
0
31
138
5
2
1
1
4
0
6
5
1
0
1
8
0
3
2
1
3
0
0
31
0
0
0
0
1
1
0
0
1
4
0
9
0
0
0
1
4
0
18
1
0
0
1
2
0
0
4
1
3
2
0
1
24
1
0
0
1
0
7
0
0
0
0
8
1
0
1
2
0
0
0
0
1
0
14
0
0
0
2
6
0
18
0
0
3
0
20
0
0
1
1
0
0
1
3
1
0
1
3
0
3
0
4
0
2
11
14
0
0
0
10
2
2
0
103
11
0
36
0
4
2
0
21
0
1
8
7
0
5
1
3
0
7
1
3
0
0
38
0
0
0
0
0
0
0
0
4
1
0
0
4
0
0
5
3
0
0
11
12
0
0
0
0
5
0
0
16
1
3
0
0
1
1
0
0
2
2
1
0
0
0
0
0
0
6
0
0
0
1
1
0
1
0
1
24
89
26
0
23
0
0
1
16
0
28
1
0
0
7
0
1
0
502
1
0
0
2
0
0
1
0
1
0
0
0
0
0
3
0
4
0
2
0
9
0
1
0
0
30
0
1
0
0
1
0
21
3
9
4
0
0
2
3
0
14
0
0
0
3
0
0
0
0
0
2
0
1
4
0
19
1
0
2
1
0
1
47
3
33
0
0
1
10
1
1
0
64
0
0
0
1
1
2
1
0
18
59
0
0
2
0
0
0
2
6
19
0
20
0
1
2
3
0
0
0
1
1
0
2
0
0
1
0
0
1
1
12
2
0
5
11
6
0
0
1
1
4
0
0
1
0
79
0
0
1
6
0
39
0
0
0
0
18
0
2
7
2
0
0
0
0
7
2
8
0
0
6
3
27
3
10
0
0
4
0
2
1
2
0
0
5
0
1
33
3
2
1
14
6
0
0
0
0
0
0
0
60
0
0
0
0
1
0
0
0
2
6
1
5
2
12
5
0
0
2
0
0
3
0
0
67
0
1
24
0
13
1
4
0
10
0
1
14
2
1
1
0
0
8
2
2
4
2
1
0
0
1
156
0
1
38
0
1
0
5
7
0
2
0
3
0
0
0
13
0
24
4
0
0
0
4
0
0
0
0
11
24
3
3
1
0
2
0
2
0
9
0
0
2
1
0
0
1
8
1
2
1
0
1
0
2
2
1
10
3
0
0
0
0
0
0
99
11
1
7
0
0
2
0
0
0
9
0
0
2
0
0
0
9
1
9
1
0
2
0
1
0
173
0
2
1
0
0
2
0
0
3
0
0
0
3
4
0
11
1
1
0
0
5
0
0
5
0
4
1
4
2
0
0
0
2
1
2
2
0
0
0
14
0
1
24
0
1
1
3
2
0
6
1
0
1
0
2
0
3
1
0
18
3
0
0
22
22
0
0
4
0
0
1
7
8
3
0
5
0
1
0
0
2
0
1
10
0
0
3
0
0
0
0
1
1
1
1
0
0
6
6
0
5
0
1
0
1
0
0
2
0
11
0
12
0
1
0
0
8
0
0
0
0
0
0
0
5
0
0
0
2
0
0
0
0
0
1
0
0
0
0
0
5
0
0
0
1
1
0
1
2
1
0
3
2
1
0
1
0
0
0
0
0
0
0
0
0
0
0
0
1
0
15
1
3
38
0
0
0
0
0
6
0
1
0
1
0
0
0
13
0
0
2
0
0
0
6
1
1
0
1
0
1
0
0
0
0
7
0
2
0
1
0
0
0
0
30
0
0
0
1
0
1
0
2
0
14
1
1
12
0
1
0
1
0
0
5
0
3
4
2
0
2
1
0
0
14
3
0
0
0
0
2
0
1
0
0
5
0
11
1
1
3
0
2
0
0
0
0
0
3
5
1
2
0
4
3
5
9
0
0
0
0
3
0
0
0
0
40
2
1
0
36
0
0
0
15
0
2
0
6
0
0
0
2
0
6
1
1
1
0
4
0
1
4
0
7
0
1
0
7
0
0
0
1
1
0
1
0
0
0
8
1
1
0
0
9
13
19
0
1
0
0
119
0
0
6
1
0
0
4
1
1
13
1
0
0
1
1
0
9
0
0
1
3
2
0
5
2
3
0
0
19
1
10
0
2
5
1
1
0
0
7
0
2
10
0
0
0
0
0
0
0
0
41
0
0
0
0
0
4
2
14
0
0
0
4
2
2
3
0
0
2
0
66
0
7
1
3
4
0
2
4
0
1
0
0
2
2
0
35
0
16
3
1
0
2
2
0
0
2
0
0
0
0
1
1
0
5
0
0
1
0
12
4
8
0
4
5
2
17
7
0
5
0
6
0
0
1
2
0
2
2
1
2
1
0
0
4
18
0
0
1
4
0
1
0
0
1
0
0
1
0
0
0
2
0
0
7
3
0
0
1
3
0
0
1
0
2
0
1
6
3
0
1
3
0
8
0
0
1
5
2
13
1
1
7
1
1
3
2
2
0
0
0
3
0
4
0
0
1
1
0
0
0
14
0
0
7
85
0
551
3
97
0
0
9
0
0
0
0
1
13
0
0
0
0
5
0
16
5
0
0
4
2
5
1
0
1
1
0
5
0
1
0
2
1
16
0
4
0
0
0
0
1
21
4
0
2
0
0
0
0
5
2
7
1
11
13
2
1
0
1
1
1
0
6
0
1
2
0
0
0
0
0
0
3
13
0
0
0
0
0
0
0
0
0
0
0
6
0
5
0
4
1
4
305
2
0
0
0
1
1
0
8
10
0
1
0
0
0
0
37
1
0
8
0
4
0
1
0
0
9
0
0
0
91
2
0
5
1
0
1
0
1
2
5
17
6
3
1
4
0
0
1
1
0
0
0
1
1
1
0
0
0
36
0
4
0
1
0
0
1
0
1
1
0
0
0
0
0
0
1
3
2
0
1
3
2
4
4
0
12
15
0
0
0
1
47
13
32
0
0
1
5
13
0
1
4
0
0
11
1
30
0
8
2
0
0
1
0
0
0
5
8
1
3
0
8
1
0
0
0
25
3
13
0
0
0
0
0
0
5
0
0
0
0
5
1
2
0
5
1
0
6
0
0
0
13
0
0
0
1
0
0
2
1
0
0
1
0
0
0
3
3
1
0
0
0
0
0
10
0
0
1
1
6
1
14
0
0
8
0
24
0
0
0
0
0
0
0
0
2
1
1
0
0
0
0
0
0
1
1
0
0
0
0
1
0
2
66
4
0
0
150
6
0
0
0
0
0
13
0
6
0
2
0
60
0
7
6
136
1
0
9
0
1
0
0
0
1
4
26
9
0
0
0
14
0
0
15
0
0
0
0
0
0
0
11
0
0
0
1
2
0
6
6
0
259
1
0
1
0
13
1
0
0
0
2
0
0
34
0
0
1
0
0
0
3
2
1
18
2
0
0
2
1
0
110
0
0
6
0
0
0
5
1
7
0
7
1
2
1
1
0
0
0
0
0
0
0
1
1
0
1
0
0
0
0
2
31
3
0
3
0
0
1
0
4
0
5
2
0
0
2
1
0
0
0
0
3
0
0
0
0
8
4
0
3
14
0
215
2
0
0
65
66
0
0
8
26
0
1
1
1
3
0
0
0
1
2
0
0
0
0
1
0
22
0
0
3
0
2
0
0
0
0
0
0
0
0
4
3
2
9
0
1
0
0
1
1
3
10
16
6
0
0
4
1
0
71
4
1
4
0
0
0
0
0
1
0
17
2
0
19
3
0
0
0
3
10
0
3
0
1
2
0
0
0
0
1
0
0
0
2
9
0
1
8
0
0
0
1
1
0
0
0
0
0
120
39
20
1
0
0
0
8
8
0
15
59
0
0
7
0
0
1
0
0
74
0
0
0
4
3
0
0
1
0
0
5
1
0
1
25
3
3
0
1
0
2
0
25
0
5
9
158
2
0
2
0
0
0
0
3
1
0
7
1
5
0
0
0
0
2
10
0
0
0
5
2
5
0
11
4
0
0
1
0
31
0
0
2
1
4
0
6
0
10
35
0
0
4
31
4
3
3
1
1
0
3
3
0
11
85
0
0
0
5
0
1
0
0
0
0
1
0
12
0
3
1
1
0
0
0
0
0
0
1
1
0
0
0
1
0
391
2
1
2
0
1
2
0
1
9
0
13
0
0
3
0
1
1
0
0
3
0
70
24
0
3
26
0
1
1
0
0
0
0
1
0
0
2
0
47
0
2
12
0
1
2
1
1
0
1
0
0
0
0
0
0
3
73
0
2
413
0
0
1
0
1
0
2
3
1
0
40
0
0
0
0
0
0
0
3
0
0
0
9
1
0
0
0
28
0
0
2
0
1
0
0
3
0
0
19
0
0
1
2
42
10
0
0
0
7
0
1
1
0
0
6
0
1
0
0
0
4
0
1
0
2
0
0
0
66
1
0
0
3
0
1
9
1
9
6
1
1
5
0
1
0
2
0
3
0
1
0
2
0
0
0
0
0
0
0
2
0
2
0
0
0
0
0
0
0
0
5
0
0
1
0
0
0
0
1
3
0
0
0
0
1
0
3
0
0
1
0
2
1
0
0
2
0
24
3
0
0
0
0
0
2
3
0
2
1
0
0
2
30
0
0
0
0
3
3
0
0
0
6
1
17
5
0
2
0
4
0
0
0
0
1
1
11
0
2
0
1
1
12
0
2
0
0
1
3
1
0
22
49
7
0
1
4
4
0
0
0
6
0
0
0
1
0
0
26
1
0
0
1
0
0
0
0
7
1
0
1
7
8
1
0
8
1
2
1
0
0
0
1
1
1
0
0
1
0
16
0
0
0
0
1
4
3
1
0
0
0
0
0
0
0
0
4
0
0
0
0
2
4
4
2
1
1
0
0
5
1
4
1
0
1
0
1
3
0
2
0
0
1
0
0
0
0
3
0
0
0
3
0
0
0
10
0
24
4
0
0
19
1
9
7
0
0
0
0
0
0
0
0
1
0
1
0
6
0
0
0
18
6
41
3
0
0
0
11
0
0
1
0
22
2
2
0
0
0
1
7
6
0
5
0
0
0
0
0
0
6
48
1
14
1
0
0
1
5
0
0
0
4
7
1
4
0
3
1
17
0
0
2
0
0
0
2
0
12
19
0
8
0
1
1
31
0
0
19
11
20
0
0
1
0
2
0
0
0
0
0
0
1
0
4
0
0
0
2
0
0
2
0
15
8
2
0
4
0
0
1
13
1
1
0
5
1
3
0
2
0
0
1
0
1
0
0
0
0
0
70
53
2
0
0
0
0
1
7
0
0
8
2
0
0
2
1
0
0
5
2
0
0
8
0
0
0
0
0
0
1
0
0
0
1
4
0
1
2
3
0
0
0
0
0
5
1
0
2
6
19
0
0
0
0
0
1
0
0
9
0
2
4
2
0
8
1
1
5
5
2
0
3
1
1
0
6
5
2
0
14
0
0
23
0
887
1
3
1
0
0
12
0
0
1
2
0
1
0
0
2
2
0
0
2
5
3
1
0
1
0
0
0
0
1
0
0
1
0
0
0
7
0
5
0
2
2
0
12
1
0
1
9
0
0
8
0
1
1
22
0
7
0
0
0
0
0
0
0
4
3
0
3
0
0
0
0
1
0
1
2
0
0
1
103
1
0
0
81
2
7
5
7
0
4
10
3
1
2
18
2
0
0
0
1
0
2
0
15
0
23
0
4
0
0
13
3
1
0
0
1
0
1
3
1
1
0
0
4
0
0
2
2
0
0
107
0
15
0
0
0
7
0
5
5
0
1
1
2
2
0
15
32
0
0
1
1
0
6
0
0
0
0
0
0
0
0
0
0
9
0
0
0
0
0
2
0
0
1
0
1
0
0
0
21
0
2
1
0
0
0
2
3
3
10
0
1
0
0
0
0
0
0
11
24
0
1
0
0
0
2
4
160
6
2
4
0
5
0
37
1
0
0
3
2
0
0
0
0
0
64
1
0
0
1
8
0
1
0
0
0
0
0
1
5
0
13
1
0
7
0
1
0
0
4
1
0
2
0
0
1
0
0
0
1
27
0
0
1
0
0
3
0
2
0
1
2
3
0
0
1
1
1
0
0
2
437
0
0
2
1
3
0
0
0
0
3
0
2
1
2
0
0
38
25
2
15
0
0
1
1
0
41
0
2
5
0
0
1
0
1
2
13
31
2
1
0
4
3
0
19
9
0
0
3
0
0
9
0
0
1
0
5
0
0
2
0
0
0
0
3
0
6
0
0
9
1
30
0
0
0
4
9
1
4
0
2
1
1
8
0
9
1
0
0
0
1
0
0
0
0
0
0
2
1
0
0
0
3
1
0
0
11
5
0
1
2
15
0
0
7
8
2
2
2
6
0
2
0
0
0
2
0
17
0
0
1
2
8
0
1
0
0
0
1
0
1
1
1
1
0
0
0
19
0
0
3
0
21
1
7
0
0
2
3
98
0
0
0
0
0
2
0
0
0
3
0
0
0
3
0
0
0
0
0
1
0
1
0
1
1
0
0
0
9
0
3
2
2
0
0
0
3
1
7
1
0
0
2
6
0
1
0
3
0
5
1
0
3
1
0
7
1
1
0
2
0
1
12
0
0
0
0
0
17
0
1
1
3
31
4
1
0
4
1
1
1
0
6
4
1
126
0
4
0
0
6
84
1
0
0
0
3
0
3
0
1
0
0
1
0
0
2
1
0
2
0
0
0
1
0
0
3
0
0
6
0
12
1
5
5
0
0
0
9
0
0
0
0
0
0
0
1
2
0
0
3
0
0
37
0
2
0
0
16
0
0
0
1
0
1
8
1
0
10
0
3
1
39
9
0
0
1
1
0
2
5
6
1
2
0
0
0
0
0
1
0
1
2
3
0
0
4
0
0
7
0
1
1
0
7
0
0
5
1
4
0
1
1
2
4
3
1
0
0
0
8
0
1
1
4
4
0
0
21
13
11
2
0
0
54
5
8
1
1
43
0
9
0
1
1
5
0
0
1
0
6
0
0
0
2
13
0
0
2
2
1
0
10
0
0
0
0
0
3
0
14
0
0
2
2
44
0
2
0
0
2
0
1
2
0
2
11
0
5
0
0
4
0
0
16
0
0
0
0
2
0
0
15
1
29
1
0
1
0
11
3
1
0
0
1
4
1
0
1
0
0
0
0
1
0
0
0
0
0
2
2
1
0
50
1
0
0
1
1
2
0
0
3
0
1
0
0
2
0
1
0
1
0
4
29
0
0
1
7
1
3
0
1
4
1
1
1
0
0
0
26
0
0
4
0
1
2
0
0
0
1
8
1
0
3
0
2
0
0
1
86
0
0
2
0
0
0
3
1
13
2
3
0
0
0
4
0
0
61
3
0
8
4
0
0
0
1
0
0
0
0
0
1
0
2
0
0
1
6
0
0
6
0
0
0
2
1
0
0
0
0
0
54
0
4
0
0
0
3
0
0
2
0
3
1
0
8
0
0
0
2
1
2
0
0
2
31
0
0
1
0
0
0
4
0
0
57
0
3
1
2
0
1
0
10
# количество точек 4000
